156.02906002492637
171.32711861948243
170.3515515262173
160.2584758968709
171.84985914378163
161.38805814749773
159.22570065525363
152.65270500867632
168.8547989325079
160.70810007545424
159.41073729254924
153.5100002259946
151.3484422373495
157.10760984678305
172.29959817726885
156.86118132416317
179.44859497624296
169.08259458466068
166.58065144037948
152.96759334681676
184.5358867965225
150.59366501988782
170.34075109469632
181.9432832343125
163.01052775812934
158.16474321204194
164.8100187744012
174.15662595316587
178.58707230287044
171.04437684191063
154.30584375493677
158.25810200414597
167.0340805274695
152.23834839034757
162.59696667868405
187.40953569761547
154.4253808460508
176.60559011448103
155.67015564435437
161.59276113504916
164.29868870661278
149.9447684741653
163.94920166666554
177.9682082789334
172.17192498204236
171.9777110735981
156.9550215842907
163.54948219182347
167.02322899580028
171.78699549411218
178.42511879739413
155.00669265563624
181.9954809003057
162.13783766504451
162.4836303407242
152.91553138566903
164.3220491534464
162.71814015620663
152.65495666484446
162.08616265848153
166.2135718150185
160.88566143972744
172.7926035192948
154.7531541421734
173.89882168258708
163.1401753271507
168.7226977944873
146.5481486367146
166.2914587157797
164.3809976879531
174.35707904061502
153.20096829228152
178.64041508376232
154.1736882879585
178.16694187477708
170.78195627053208
157.45538601706338
186.6976159255072
153.0437565940641
163.28025790264775
167.07067055533346
170.21783744931398
167.26389290976238
172.99130276451274
169.59245809697302
165.3269966994092
155.70437076842893
161.54962995123182
174.02479522846593
153.33500692331307
166.10991811695462
144.51603420668556
158.04389053751194
148.76839413340235
177.44540780639164
146.7725080622353
162.60393601285492
172.28443064410268
171.08884268833765
172.73184712010558
175.62353829239152
169.73505023799765
173.3459787167377
164.4585872424034
164.74360312237877
147.3959935587008
166.6870521153003
177.6727682242169
157.52051500508855
153.3025285109624
165.9123446573521
176.34418987101407
177.06574336021103
149.99534758230607
169.500206965434
158.4375065799623
167.77470968911084
142.4229714140449
174.217877103278
161.04408382944695
167.05009673750172
163.20348975121743
154.66034038456888
170.2553754213227
160.183295042166
158.11583866927546
171.5919311165968
164.16398381167915
158.00486726627213
174.39288147010268
159.09582684308657
164.68649012334063
172.34222687264798
174.43709653884025
177.00160239630503
181.56743906768054
165.44983188866004
157.01823649752868
181.48034020671176
178.9160763144785
162.00638716771425
172.0120491239239
161.22398439259212
149.42698929183365
175.38175618057087
168.46051864585348
166.22381775601644
181.90006037574207
179.32712141676535
158.5837637616269
153.91473943815282
146.05296736847603
165.0622228715129
161.13875267756154
168.63197153524203
165.12848749028774
158.43667619895922
160.9565030049836
149.41993670385824
177.28380037282005
159.67447878018686
171.12356063783778
158.42251695814204
165.70852225715012
171.3006680071724
162.26198286228473
156.84779863917123
188.25210390655866
163.0151517946366
170.68273048905914
164.19059612233468
157.2677191512193
178.14259290709674
168.9116235093621
168.40912169388733
142.2434561760431
167.87152753383637
173.39561789601964
167.82993868246126
163.5156612541803
176.92848592752782
167.46107930842587
170.80602409892546
175.36668378824157
175.00889840904256
151.85760486086522
168.36297778982035
157.38378030840548
144.92215927581233
167.85424678806103
147.62078911106926
160.33518794288048
139.90765154435414
154.78977639133612
160.30191371447015
164.92241545667414
159.6013960932254
155.75562493212615
155.98972396593425
180.32212986918267
