181.61841230327562
170.0369477215887
211.46156780511672
171.21861805595384
176.64414762367275
156.02906002492637
171.32711861948243
198.73721675592344
161.36151392715638
170.3515515262173
166.12545013104568
160.2584758968709
171.84985914378163
177.81404838755554
170.05195063330962
161.38805814749773
157.1085308136729
159.22570065525363
171.9268523411862
169.61756579498135
184.05207403914244
152.65270500867632
150.0281720579246
164.49731443465072
192.27086514230754
168.8547989325079
160.70810007545424
202.85996510846968
159.41073729254924
152.33230663467452
153.5100002259946
151.3484422373495
184.67271266339168
157.10760984678305
172.29959817726885
156.86118132416317
179.44859497624296
169.08259458466068
166.58065144037948
160.29088172172067
152.96759334681676
184.5358867965225
162.14720267925864
150.59366501988782
170.34075109469632
181.9432832343125
161.9218122511652
163.01052775812934
158.16474321204194
164.8100187744012
174.15662595316587
168.6623810625641
178.58707230287044
171.04437684191063
189.94659740370042
154.30584375493677
185.68631906314852
158.25810200414597
167.0340805274695
175.8871636482856
152.23834839034757
162.59696667868405
187.40953569761547
154.4253808460508
176.60559011448103
169.55033682277124
155.67015564435437
161.59276113504916
164.29868870661278
149.9447684741653
175.04933264401166
163.94920166666554
177.9682082789334
172.17192498204236
173.41104336913864
171.9777110735981
186.89579979192953
156.9550215842907
165.52642555311678
163.54948219182347
167.02322899580028
171.78699549411218
174.90707637271362
178.42511879739413
155.00669265563624
181.9954809003057
173.48398582286134
174.21537773722213
178.73826487847361
177.96490136563747
162.13783766504451
162.4836303407242
195.0227286136237
152.91553138566903
164.3220491534464
162.71814015620663
173.69686590583547
152.65495666484446
162.08616265848153
166.2135718150185
160.88566143972744
198.42298440173334
172.7926035192948
170.41220468250054
167.83402874082682
176.51107283129278
154.7531541421734
173.89882168258708
163.1401753271507
168.7226977944873
146.5481486367146
180.33157708524027
179.0441860967005
194.37945075081944
166.2914587157797
164.3809976879531
174.35707904061502
153.20096829228152
192.09014468237928
178.64041508376232
154.1736882879585
178.16694187477708
170.78195627053208
157.45538601706338
186.6976159255072
153.0437565940641
182.41660597181632
163.28025790264775
167.07067055533346
169.95495611295172
170.21783744931398
173.4907848053934
167.26389290976238
196.20097026882675
178.318811842765
155.3384029993038
172.99130276451274
169.59245809697302
165.3269966994092
164.65652151927728
155.70437076842893
161.54962995123182
174.02479522846593
153.33500692331307
166.10991811695462
144.51603420668556
158.04389053751194
148.76839413340235
177.44540780639164
146.7725080622353
162.60393601285492
172.28443064410268
171.08884268833765
172.73184712010558
175.62353829239152
166.33730150152888
169.73505023799765
173.3459787167377
164.4585872424034
164.74360312237877
147.3959935587008
166.6870521153003
177.6727682242169
157.52051500508855
153.3025285109624
165.9123446573521
176.34418987101407
177.06574336021103
192.28307155563513
149.99534758230607
173.3925402276378
169.500206965434
158.4375065799623
167.77470968911084
142.4229714140449
174.217877103278
161.04408382944695
167.05009673750172
163.20348975121743
208.90160160580405
154.66034038456888
170.2553754213227
160.183295042166
184.8492920539064
158.11583866927546
171.5919311165968
164.16398381167915
158.00486726627213
174.39288147010268
176.8721023799529
159.09582684308657
164.68649012334063
168.46444121457264
172.34222687264798
189.5826896451876
174.43709653884025
177.00160239630503
171.38933286603896
181.56743906768054
162.63814819874318
183.52199076596332
175.19137475059247
192.83591088736816
165.44983188866004
157.01823649752868
173.89610021876737
181.48034020671176
178.9160763144785
162.00638716771425
132.10468050066166
172.0120491239239
161.22398439259212
149.42698929183365
175.38175618057087
186.84049606269969
168.46051864585348
146.83388674079106
166.22381775601644
198.08134218113554
181.90006037574207
202.32047107876102
179.32712141676535
158.5837637616269
153.91473943815282
146.05296736847603
165.0622228715129
161.13875267756154
168.59452921142773
168.63197153524203
157.52947134826908
165.12848749028774
158.43667619895922
160.9565030049836
149.41993670385824
154.0438896299761
177.28380037282005
159.67447878018686
188.08981931877747
171.12356063783778
171.96822733569297
158.42251695814204
165.70852225715012
166.02460099866798
171.3006680071724
162.26198286228473
171.34870448130619
156.84779863917123
188.25210390655866
163.0151517946366
170.68273048905914
206.32772031396573
164.19059612233468
157.2677191512193
178.14259290709674
180.2037899063162
168.9116235093621
168.40912169388733
142.2434561760431
186.18590425048683
167.87152753383637
173.39561789601964
186.65361386684518
190.2763169978192
167.82993868246126
190.9202715803107
163.5156612541803
176.92848592752782
167.46107930842587
170.80602409892546
164.34300329506036
171.7721829636454
163.58859537106468
175.36668378824157
175.00889840904256
151.85760486086522
168.36297778982035
164.33255157542393
192.12261606152003
167.4736667920825
157.38378030840548
173.81272958225287
164.60760486991268
144.92215927581233
166.09895843435328
167.85424678806103
186.82356915309518
147.62078911106926
168.31855012752092
160.33518794288048
167.76819719939172
182.40336491427144
139.90765154435414
154.78977639133612
160.30191371447015
164.92241545667414
159.6013960932254
182.50730991245553
155.75562493212615
186.8863392595995
155.98972396593425
180.32212986918267
177.56146678698352
148.6938870928443
184.45444714884252
182.47493822050387
190.27206414346912
162.3029707468258
212.81211451232488
156.5142082779509
185.904298910347
175.68932836153436
167.69301031733207
187.24198541734958
170.778548181825
139.96567268584144
157.49082325434742
181.8648710737948
208.56948417604406
152.78111197785987
174.74582023408462
196.76100315277864
184.1030547871278
169.36568733882146
153.6711317635233
148.2827305298947
163.7814131903038
169.47385703522357
141.26322807334782
149.59487438736716
179.5547269796236
168.86511492943336
163.6775411438312
168.88721252196726
162.81062858340545
188.91274311875458
199.5993109932814
206.10423292985138
185.64696789690717
186.20728888314545
196.94643219510036
201.0767322135652
196.97807326649712
193.18425108316518
165.48021250575079
151.0045224416764
188.15729218280114
173.59251327000936
174.16493447968128
161.65868898832545
155.48572822456686
196.03249930563769
181.97651490570541
159.0245107092699
180.8563091206733
179.5840025831249
182.82774235474497
208.4990622061735
174.47946848154012
155.80565226603113
175.5481396223088
165.30465121714292
183.22851755284861
178.15813684042433
180.1975262571398
166.4942324759921
181.20518212514673
167.3461591588557
182.7588903207432
170.4849230742378
158.2239035307794
182.47785435427846
164.4085919509399
196.65821655064212
181.64434391295904
182.0155782194315
176.52017185213074
174.10972028683278
139.19953383430934
193.33255835317124
162.79131988380166
189.34392786071155
165.42234166869247
172.85310373514284
171.63715251141215
159.4225713983596
172.4243642734106
182.1451926452022
168.78732601618145
156.03874985284756
166.40176665979257
178.74725973881831
192.20803122422376
187.53915935158307
179.31105467557643
160.06605551630247
188.60334201348903
175.3631611657919
171.4002739796344
188.65165845860213
184.26767126258918
182.49427065797985
157.7268363208685
165.84225399044286
149.44171888719964
177.91656066699545
175.42361872717927
188.98840759475462
178.18064978154513
169.48083147173148
206.6723260655987
159.55639758647246
154.95579536167688
165.84148963313447
182.87041393709927
169.76037811677017
168.388923060273
158.18068598653227
197.09267094580372
165.64941643710497
158.7894707163062
173.16204860958814
162.8838535667357
171.51165664276942
195.02725504938851
168.30314909961234
174.25316973532676
169.47182831378728
172.12390647322422
187.29519880114333
182.9745058644025
169.87577446151937
161.03649279209756
172.98674508578543
187.48890419536494
174.7397009657189
173.08512667069624
147.88125063675992
189.90953465307538
152.6330671177262
155.76838779907135
169.36438885328576
175.51965813651688
175.67617237125796
163.54379660730484
170.30292239205053
165.8951569663567
147.85673156764477
171.1672338659343
164.59300979774778
181.2879663646025
172.8219972015691
189.45701949823126
185.44332982340057
188.49108193563845
193.1256710972794
185.3988055646851
172.50459082952534
195.29669665760477
161.07060230474292
174.46791269580757
187.89468927644208
170.68755085589189
185.72424919356155
162.94821098777186
166.8927706301393
183.19266139552585
185.6783389077798
192.9573173542308
173.94899462420994
179.47340682589387
184.3928891092212
182.011480874039
155.4606785237532
166.44865525449995
196.6442501514518
156.34007298667134
184.43320497191388
168.61611810598865
190.04814339727108
163.3273358695955
175.7341694516906
144.60397167252148
174.37095474810627
191.11814169010822
152.4871089958134
192.78616651707623
164.27378137033097
174.23142212386082
133.3812495884367
191.1794219687936
161.86471124613527
166.9283602120724
155.8267645148494
160.10845830768642
192.15141831451882
167.36391102311163
188.42501408185007
172.35694950731155
180.19125202833473
167.40534806066898
181.40746029945834
213.8285437846147
184.79339522166174
182.58759687842914
167.86073754030488
190.1636310948956
195.38801456338746
149.4686505008352
154.29501655324833
206.52665024814647
181.38848751301683
176.9380034354486
183.44443769800864
191.45147086531546
187.0122827612952
171.6537509982301
205.95505996162277
175.1893525212175
161.87839304339113
166.6438092907371
173.0154707431555
169.3116252219457
172.18309440705582
179.73199225330129
125.74126828560013
163.31960120915107
189.25517062067993
183.4450195205392
164.79018901968712
165.63244914336244
192.10743907140545
171.28406585172905
167.046920876531
202.83571606447532
169.4519180999189
185.26370224270153
174.31494554412296
175.76179974740555
160.79161665942647
162.59518872460953
193.87110410014682
157.916646126356
179.16040176148977
157.08331053375198
171.39344747639495
174.4418760127634
150.55482401654132
192.02295063021649
172.2430085271954
193.2210659260623
160.98582107514383
188.6779361950449
210.0136014264988
178.24797933512983
165.2939728396888
182.18059082225741
177.11240729082394
171.8500209846736
173.19240033976672
166.31761326217298
181.35801389937495
169.19002954975008
162.14697777519956
187.22970839609633
172.51275972821742
214.68030168090945
171.25795185152984
164.23993157594327
166.75754001454914
180.56630425877293
164.53981291314298
156.05048255250813
199.58818502190974
156.39783046135102
197.70468651996532
177.11584849854992
159.0685306166752
199.9957060235359
171.94819593969063
159.88678707882542
175.98114338920246
194.29668607438072
185.25614975828645
187.393671939034
201.31504486367345
178.2184597679361
180.637221781171
171.61023751748613
153.17959193344043
172.83198010327894
199.25468208264692
149.0341955783118
195.15919201991468
178.92309360844484
161.34220969110817
175.98204236134512
201.64483193722623
166.40300217437806
186.85890419345617
191.9727096060381
